70277957
60468561
30468478
10401931
80214568
90183991
40395981
40121585
50214560
30183989
90121583
80395979
20214571
50183993
20395982
70121584
70214559
20201724
60396003
50141390
30277959
60262659
10395925
50297485
70337701
00336267
60226039
30242743
70235627
20438707
40277992
40204694
90204696
80409537
20214566
40201723
80396002
30141391
00214572
40214565
70214564
40070185
40279731
20337398
90292103
30403571
70403574
70403569
30403566
90482513
50424054
20403562
80403564
80403559
20403557
10482512
40450270
70424053
60403602
90403605
40403599
70403606
40482515
60403584
90403587
00403582
60403579
70482514
30372188
00508471
00392847
80275887
00324518
40346924
10459903
20275885
10305741
20275814
60324520
60275812
50305739
10409932
40409935
20409936
30275861
10324513
10275862
20305745
50468514
00473909
00474414
10475074
30474276
20475993
40474214
90436314
90444366
30337393
20236262
70342199
10447528
60420932
90124534
40429410
90272384
40349531
90292103
70340807
60341015
00293772
00385069
80389148
20259423
60444259
60341015
10329308
80245051
